000000
000002
000003
000004
000005
000006
000007
000008
000009
000010
000011
000012
000013
000015
000017
000018
000019
000020
000021
000022
000023
000024
000025
000026
000027
000028
000029
000030
000031
000032
000034
000035
000036
000037
000038
000040
000042
000043
000044
000045
000047
000048
000049
000050
000051
000052
000053
000054
000055
000056
000057
000058
000059
000060
000061
000062
000065
000066
000067
000068
000069
000071
000072
000073
000074
000076
000077
000078
000079
000080
000081
000083
000085
000086
000087
000088
000089
000090
000092
000094
000096
000098
000099
000100
000102
000104
000105
000106
000107
000108
000109
000110
000112
000113
000114
000115
000116
000117
000120
000121
000122
000123
000124
000125
000126
000128
000129
000130
000131
000132
000134
000135
000136
000137
000138
000139
000140
000141
000144
000146
000147
000148
000151
000152
000154
000155
000156
000157
000158
000159
000160
000161
000162
000163
000164
000165
000166
000167
000168
000169
000170
000171
000172
000173
000175
000176
000177
000178
000179
000180
000181
000182
000183
000184
000185
000186
000187
000189
000190
000192
000196
000197
000198
000199
000200
000201
000202
000203
000204
000205
000206
000207
000210
000211
000212
000213
000214
000215
000216
000217
000218
000219
000221
000222
000226
000228
000229
000230
000231
000232
000233
000234
000235
000236
000237
000238
000239
000240
000242
000243
000245
000246
000250
000251
000252
000253
000254
000255
000257
000258
000259
000260
000261
000262
000263
000264
000267
000268
000269
000270
000271
000272
000273
000274
000275
000276
000278
000279
000280
000283
000284
000285
000286
000287
000289
000290
000291
000292
000293
000295
000296
000299
000300
000301
000302
000303
000304
000305
000306
000307
000309
000311
000312
000313
000314
000315
000316
000318
000319
000320
000321
000322
000325
000326
000328
000329
000330
000331
000334
000335
000336
000337
000339
000342
000344
000345
000346
000347
000348
000349
000350
000351
000352
000353
000354
000355
000356
000357
000358
000359
000360
000361
000363
000364
000367
000368
000369
000370
000371
000372
000373
000374
000375
000376
000377
000378
000379
000381
000382
000383
000384
000385
000386
000387
000388
000389
000390
000391
000392
000393
000395
000396
000397
000398
000399
000401
000402
000403
000404
000405
000406
000407
000409
000410
000411
000412
000413
000415
000416
000417
000418
000419
000420
000421
000422
000423
000424
000425
000426
000427
000428
000431
000432
000433
000434
000435
000437
000438
000439
000440
000441
000442
000443
000445
000446
000447
000448
000449
000450
000451
000452
000454
000456
000457
000459
000460
000462
000463
000464
000465
000466
000467
000468
000469
000470
000471
000472
000473
000474
000475
000476
000477
000478
000479
000480
000481
000482
000484
000485
000486
000489
000490
000491
000492
000493
000494
000495
000496
000499
000500
000502
000503
000506
000507
000508
000509
000510
000511
000512
000513
000514
000515
000517
000518
000519
000521
000522
000524
000525
000526
000527
000528
000529
000530
000531
000532
000535
000536
000538
000539
000540
000541
000542
000543
000544
000546
000548
000549
000550
000551
000552
000554
000555
000557
000558
000559
000562
000563
000566
000567
000568
000569
000570
000571
000572
000574
000575
000576
000577
000578
000579
000580
000582
000583
000584
000585
000586
000588
000590
000591
000592
000594
000595
000596
000598
000599
000600
000602
000604
000605
000606
000607
000608
000609
000611
000612
000613
000614
000615
000618
000619
000620
000621
000622
000623
000624
000628
000629
000630
000631
000632
000634
000635
000636
000637
000638
000639
000641
000642
000643
000644
000646
000647
000648
000650
000651
000652
000653
000654
000657
000658
000659
000660
000661
000662
000663
000664
000665
000666
000667
000668
000669
000670
000671
000673
000674
000675
000677
000678
000679
000680
000681
000682
000683
000685
000686
000687
000688
000689
000690
000691
000692
000693
000694
000697
000698
000701
000702
000703
000704
000705
000706
000707
000708
000709
000710
000711
000712
000713
000715
000718
000719
000721
000724
000725
000726
000728
000729
000730
000731
000732
000733
000734
000735
000737
000738
000739
000740
000741
000742
000743
000744
000745
000746
000748
000750
000751
000752
000753
000754
000755
000756
000757
000758
000759
000760
000761
000762
000763
000764
000765
000766
000767
000768
000769
000770
000771
000772
000774
000777
000778
000779
000780
000781
000782
000783
000784
000785
000786
000787
000788
000789
000790
000791
000792
000793
000794
000795
000796
000797
000798
000799
000800
000804
000805
000806
000807
000808
000809
000810
000811
000814
000815
000816
000819
000820
000821
000823
000825
000826
000827
000828
000830
000832
000833
000835
000836
000837
000838
000839
000840
000842
000843
000845
000846
000848
000850
000852
000853
000854
000855
000856
000857
000858
000859
000861
000863
000865
000866
000867
000869
000871
000872
000873
000874
000875
000876
000877
000878
000879
000880
000881
000882
000883
000885
000887
000890
000893
000894
000895
000897
000898
000899
000900
000901
000902
000905
000906
000907
000908
000910
000912
000914
000916
000917
000918
000919
000921
000922
000924
000925
000926
000927
000928
000930
000932
000933
000935
000936
000937
000941
000942
000943
000944
000945
000946
000947
000948
000949
000950
000951
000953
000954
000955
000956
000957
000958
000959
000961
000962
000963
000964
000966
000968
000969
000970
000972
000973
000974
000975
000976
000977
000978
000979
000980
000981
000982
000983
000985
000987
000989
000990
000991
000992
000993
000994
000995
000996
000997
000999