epoch:0 0.0163  0.0569  0.0036  0.0174  0.0074  0.021  0.0524  0.1189  0.2127  0.1  0.1425  0.2469  0.3146  0.005
epoch:1 0.1127  0.2652  0.0668  0.0848  0.052  0.1415  0.152  0.3026  0.3344  0.2783  0.2397  0.3747  0.2207  0.005
epoch:2 0.1623  0.3366  0.1274  0.1275  0.0821  0.1982  0.2077  0.3305  0.3676  0.2652  0.261  0.4155  0.1818  0.005
epoch:3 0.1747  0.3731  0.1313  0.1547  0.0932  0.2098  0.2237  0.334  0.3557  0.2522  0.2575  0.4003  0.1544  0.00165
epoch:4 0.1857  0.3765  0.163  0.1401  0.104  0.2225  0.2226  0.3458  0.373  0.2  0.2747  0.4219  0.1405  0.00165
epoch:5 0.18  0.367  0.1721  0.1491  0.0926  0.2174  0.2215  0.3392  0.352  0.2826  0.2575  0.3931  0.1318  0.00165
epoch:6 0.1812  0.3632  0.171  0.1423  0.098  0.2181  0.2347  0.3296  0.3312  0.2304  0.2418  0.3723  0.1178  0.000545
epoch:7 0.1806  0.3623  0.1711  0.1498  0.0959  0.2161  0.2384  0.3318  0.3362  0.2478  0.2555  0.3731  0.1154  0.000545
epoch:8 0.1853  0.3654  0.1793  0.1581  0.1063  0.2202  0.2403  0.3347  0.3388  0.2435  0.2479  0.38  0.1126  0.000545
epoch:9 0.1796  0.3628  0.1775  0.1464  0.0954  0.2158  0.2327  0.33  0.3322  0.2391  0.2514  0.3693  0.1069  0.00018
epoch:10 0.1795  0.358  0.1704  0.167  0.0949  0.2153  0.2408  0.3278  0.3292  0.2348  0.2452  0.3677  0.1063  0.00018
epoch:11 0.1758  0.3571  0.1613  0.1617  0.0922  0.2106  0.2322  0.3167  0.32  0.2478  0.2356  0.3573  0.1044  0.00018
epoch:12 0.1776  0.3561  0.1614  0.1603  0.0982  0.2117  0.2316  0.3184  0.3226  0.2435  0.2363  0.3611  0.1017  5.9e-05
epoch:13 0.1766  0.36  0.169  0.1604  0.1003  0.2097  0.2353  0.323  0.3243  0.2304  0.2418  0.3621  0.1024  5.9e-05
epoch:14 0.1788  0.3643  0.1673  0.1654  0.0957  0.2138  0.2364  0.3257  0.3279  0.2435  0.2438  0.3659  0.1034  5.9e-05
